{
 "cells": [
  {
   "cell_type": "markdown",
   "metadata": {},
   "source": [
    "Используя метод вращений, найти собственные значения и собственные векторы матрицы A с погрешностью $ \\varepsilon = 0.01$\n",
    "\n",
    "$$A=\\begin{pmatrix}\n",
    "-1 & 3 & 4 \\\\ \n",
    " 3 & 5 &-1 \\\\ \n",
    " 4 &-1 &-5\n",
    "\\end{pmatrix}$$"
   ]
  },
  {
   "cell_type": "code",
   "execution_count": 7,
   "metadata": {
    "scrolled": false
   },
   "outputs": [
    {
     "name": "stdout",
     "output_type": "stream",
     "text": [
      "A =\n",
      " [[ 1.47213595e+00  2.02622131e+00  4.44089210e-16]\n",
      " [ 2.02622131e+00  5.00000000e+00 -2.42784414e+00]\n",
      " [ 0.00000000e+00 -2.42784414e+00 -7.47213595e+00]]\n",
      "X =\n",
      " [[ 0.85065081  0.         -0.52573111]\n",
      " [ 0.          1.          0.        ]\n",
      " [ 0.52573111  0.          0.85065081]]\n",
      "Aii =\n",
      " [[ 1.47213595  0.          0.        ]\n",
      " [ 0.          5.          0.        ]\n",
      " [ 0.          0.         -7.47213595]]\n",
      "Aii * X =\n",
      " [[ 2.16718427e+00  2.98287325e+00  6.53759693e-16]\n",
      " [ 1.01311066e+01  2.50000000e+01 -1.21392207e+01]\n",
      " [ 0.00000000e+00  1.81411815e+01  5.58328157e+01]]\n",
      "\n",
      "A ===== =\n",
      " [[ 2.22044605e-16  2.02622131e+00  3.33066907e-16]\n",
      " [ 4.47213595e-01  0.00000000e+00 -3.13049517e+00]\n",
      " [ 0.00000000e+00 -2.42784414e+00  0.00000000e+00]]\n",
      "A =\n",
      " [[ 1.47213595e+00  1.99140963e+00  3.73979255e-01]\n",
      " [ 1.99140963e+00  5.45594002e+00  1.11022302e-16]\n",
      " [ 3.73979255e-01  0.00000000e+00 -7.92807597e+00]]\n",
      "X =\n",
      " [[ 0.85065081  0.09703408 -0.51669874]\n",
      " [ 0.          0.98281941  0.1845698 ]\n",
      " [ 0.52573111 -0.15700445  0.83603612]]\n",
      "Aii =\n",
      " [[ 1.47213595  0.          0.        ]\n",
      " [ 0.          5.45594002  0.        ]\n",
      " [ 0.          0.         -7.92807597]]\n",
      "Aii * X =\n",
      " [[ 2.16718427e+00  2.93162572e+00  5.50548307e-01]\n",
      " [ 1.08650115e+01  2.97672815e+01  6.05731023e-16]\n",
      " [-2.96493594e+00  0.00000000e+00  6.28543886e+01]]\n",
      "\n",
      "A ===== =\n",
      " [[ 0.19661253  1.89847963  0.68021424]\n",
      " [ 1.69399421  0.19323461 -1.02895885]\n",
      " [ 0.31812576  0.03628873 -0.19323461]]\n",
      "A =\n",
      " [[ 6.47411275e-01 -1.11022302e-16  3.45520624e-01]\n",
      " [ 0.00000000e+00  6.28066470e+00  1.43094309e-01]\n",
      " [ 3.45520624e-01  1.43094309e-01 -7.92807597e+00]]\n",
      "X =\n",
      " [[ 0.74879119  0.4151315  -0.51669874]\n",
      " [-0.37605258  0.90802998  0.1845698 ]\n",
      " [ 0.54579868  0.05610166  0.83603612]]\n",
      "Aii =\n",
      " [[ 0.64741128  0.          0.        ]\n",
      " [ 0.          6.2806647   0.        ]\n",
      " [ 0.          0.         -7.92807597]]\n",
      "Aii * X =\n",
      " [[ 4.19141360e-01 -7.18770904e-17  2.23693948e-01]\n",
      " [ 0.00000000e+00  3.94467490e+01  8.98727377e-01]\n",
      " [-2.73931376e+00 -1.13446256e+00  6.28543886e+01]]\n",
      "\n",
      "A ===== =\n",
      " [[ 0.1885847   0.01938428  0.28886772]\n",
      " [ 0.07810069  0.00802783  0.11963201]\n",
      " [ 0.20491182  0.27337042 -0.15211918]]\n",
      "A =\n",
      " [[ 6.61310348e-01  5.75152623e-03  2.77555756e-17]\n",
      " [ 5.75152623e-03  6.28066470e+00  1.42978674e-01]\n",
      " [-3.88578059e-16  1.42978674e-01 -7.94197505e+00]]\n",
      "X =\n",
      " [[ 0.72741793  0.4151315  -0.54637807]\n",
      " [-0.3683301   0.90802998  0.19953569]\n",
      " [ 0.57896122  0.05610166  0.81342271]]\n",
      "Aii =\n",
      " [[ 0.66131035  0.          0.        ]\n",
      " [ 0.          6.2806647   0.        ]\n",
      " [ 0.          0.         -7.94197505]]\n",
      "Aii * X =\n",
      " [[ 4.37331376e-01  3.80354381e-03  1.83550494e-17]\n",
      " [ 3.61234078e-02  3.94467490e+01  8.98001112e-01]\n",
      " [ 3.08607724e-15 -1.13553306e+00  6.30749676e+01]]\n",
      "\n",
      "A ===== =\n",
      " [[-0.00211846  0.00522256  0.00114763]\n",
      " [ 0.08696287  0.01040898  0.11315959]\n",
      " [-0.05266335  0.12982892  0.02852935]]\n",
      "A =\n",
      " [[ 6.61310348e-01  5.75123569e-03 -5.78107147e-05]\n",
      " [ 5.75123569e-03  6.28210190e+00  2.77555756e-17]\n",
      " [-5.78107147e-05 -2.63677968e-16 -7.94341225e+00]]\n",
      "X =\n",
      " [[ 0.72741793  0.40961868 -0.55052311]\n",
      " [-0.3683301   0.90998972  0.19039866]\n",
      " [ 0.57896122  0.06427484  0.81281772]]\n",
      "Aii =\n",
      " [[ 0.66131035  0.          0.        ]\n",
      " [ 0.          6.2821019   0.        ]\n",
      " [ 0.          0.         -7.94341225]]\n",
      "Aii * X =\n",
      " [[ 4.37331376e-01  3.80335167e-03 -3.82308238e-05]\n",
      " [ 3.61298486e-02  3.94648043e+01  1.74363354e-16]\n",
      " [ 4.59214339e-04  2.09450280e-15  6.30977982e+01]]\n",
      "\n",
      "A ===== =\n",
      " [[-2.15182339e-03  5.22984956e-03  1.04803800e-03]\n",
      " [ 4.18355194e-03  2.35581355e-03 -3.16618818e-03]\n",
      " [-4.20525503e-05 -2.36803484e-05  3.18261346e-05]]\n",
      "A =\n",
      " [[ 6.61304463e-01  2.16840434e-19 -5.78106844e-05]\n",
      " [ 1.17961196e-16  6.28210779e+00 -5.91522599e-08]\n",
      " [-5.78106844e-05 -5.91522602e-08 -7.94341225e+00]]\n",
      "X =\n",
      " [[ 0.72699842  0.41036276 -0.55052311]\n",
      " [-0.36926102  0.90961236  0.19039866]\n",
      " [ 0.57889515  0.0648672   0.81281772]]\n",
      "Aii =\n",
      " [[ 0.66130446  0.          0.        ]\n",
      " [ 0.          6.28210779  0.        ]\n",
      " [ 0.          0.         -7.94341225]]\n",
      "Aii * X =\n",
      " [[ 4.37323593e-01  1.43397547e-19 -3.82304636e-05]\n",
      " [ 7.41044950e-16  3.94648782e+01 -3.71600873e-07]\n",
      " [ 4.59214099e-04  4.69870788e-07  6.30977982e+01]]\n",
      "\n",
      "A ===== =\n",
      " [[-3.34663248e-05 -3.75001714e-06 -4.69895489e-05]\n",
      " [-3.42429565e-08 -3.83704180e-09 -4.80800053e-08]\n",
      " [-4.20064338e-05 -2.37771577e-05  3.18148555e-05]]\n",
      "\n",
      "Собственные значения:\n",
      "L1 = 0.6613044630967969\n",
      "L2 = 6.282107786224289\n",
      "L3 = -7.943412249321086\n",
      "\n",
      "Собственные векторы:\n",
      "x1 = [ 0.72699842 -0.36926102  0.57889515]\n",
      "\n",
      "x2 = [0.41036276 0.90961236 0.0648672 ]\n",
      "\n",
      "x3 = [-0.55052311  0.19039866  0.81281772]\n",
      "\n",
      "[[ 0.72699842  0.41036276 -0.55052311]\n",
      " [-0.36926102  0.90961236  0.19039866]\n",
      " [ 0.57889515  0.0648672   0.81281772]]\n",
      "\n",
      "check lambda1 [ 3.18261180e-05 -1.10070769e-05 -4.69895489e-05]\n",
      "check lambda2 [ 3.25646865e-08 -1.12625118e-08 -4.80800059e-08]\n",
      "check lambda3 [-4.20525503e-05  2.12934265e-05 -3.34701619e-05]\n"
     ]
    }
   ],
   "source": [
    "import numpy as np\n",
    "import math\n",
    "from copy import deepcopy\n",
    "            \n",
    "\n",
    "def max_diag(a): # функция нахождения максимального элемента в матрице\n",
    "    m = max(abs(a[0][1]), abs(a[0][2]), abs(a[1][2]))\n",
    "    if m == abs(a[0][1]):\n",
    "        return m, 0, 1\n",
    "    elif m == abs(a[0][2]):\n",
    "        return m, 0, 2\n",
    "    elif m == abs(a[1][2]):\n",
    "        return m, 1, 2\n",
    "    \n",
    "def tsum(A):     # функция проверки eps условия\n",
    "    sum=0\n",
    "    for i in range(len(A)):\n",
    "        for j in range(len(A)):\n",
    "            if i != j:\n",
    "                sum += A[i][j]**2\n",
    "    return math.sqrt(sum)\n",
    "\n",
    "def eigenv(a, eps): # функция нахождения собственных значений с заданной точностью eps\n",
    "    fi=0 # угол поворота\n",
    "    sin=0 # sin(fi)\n",
    "    cos=0 # cos(fi)\n",
    "    X=np.eye(3, 3)\n",
    "    A = a\n",
    "    maxdiag, i, j = max_diag(A)\n",
    "    summ = 100\n",
    "    k=0\n",
    "    while summ > eps:\n",
    "        fi = math.atan(2*A[i][j]/(A[i][i] - A[j][j]))/2\n",
    "        #print(\"fi =\", fi)\n",
    "        sinfi = math.sin(fi)\n",
    "        cosfi = math.cos(fi)\n",
    "        H = np.eye(3, 3)\n",
    "        H[i][i] = cosfi\n",
    "        H[i][j] = sinfi*(-1)\n",
    "        H[j][i] = sinfi\n",
    "        H[j][j] = cosfi\n",
    "        #print(\"A=\\n\",A)\n",
    "        #print(\"H^T=\\n\", H.T)\n",
    "        #print(\"H=\\n\", H)\n",
    "        A = H.T.dot(A).dot(H)\n",
    "        X = X.dot(H)\n",
    "        \n",
    "        h = np.eye(3, 3)\n",
    "        for i in range(len(h)):\n",
    "            h[i][i] = A[i][i]\n",
    "        print(\"A =\\n\", A)\n",
    "        print(\"X =\\n\", X)\n",
    "        print(\"Aii =\\n\", h)\n",
    "        print(\"Aii * X =\\n\", h.dot(A))\n",
    "        #print(\"\\nA - (Xii * A) =\\n\", A - h.dot(A)) \n",
    "        print(\"\\nA ===== =\\n\", A.dot(X) - h.dot(X))\n",
    "        k += 1\n",
    "        maxdiag, i, j = max_diag(A)\n",
    "        summ = tsum(A)\n",
    "    return A, X\n",
    "\n",
    "def check(B, A, x):\n",
    "    print()\n",
    "    for i in range(len(A)):\n",
    "        buf = A.dot(x[:, i]) - x[:, i] * B[i][i]\n",
    "        print(\"check lambda\"+str(i+1), buf)\n",
    "    \n",
    "A=np.array([[-1, 3, 4], [3, 5, -1], [4, -1, -5]])\n",
    "eps = 0.001\n",
    "\n",
    "B, x = eigenv(A, eps)\n",
    "\n",
    "print(\"\\nСобственные значения:\\nL1 =\", B[0][0])\n",
    "print(\"L2 =\", B[1][1])\n",
    "print(\"L3 =\", B[2][2])\n",
    "\n",
    "print(\"\\nСобственные векторы:\")\n",
    "print(\"x1 =\", x[:, 0])\n",
    "print(\"\\nx2 =\", x[:, 1])\n",
    "print(\"\\nx3 =\", x[:, 2])\n",
    "\n",
    "#print(A)\n",
    "print()\n",
    "print(x)\n",
    "\n",
    "check(B, A, x)"
   ]
  },
  {
   "cell_type": "code",
   "execution_count": 26,
   "metadata": {},
   "outputs": [
    {
     "data": {
      "text/plain": [
       "array([[-1,  3,  4],\n",
       "       [ 3,  5, -1],\n",
       "       [ 4, -1, -5]])"
      ]
     },
     "execution_count": 26,
     "metadata": {},
     "output_type": "execute_result"
    }
   ],
   "source": [
    "h = np.eye(3, 3)\n",
    "for i in range(len(h))\n",
    "    h[i][i] = A[i][i]\n"
   ]
  },
  {
   "cell_type": "code",
   "execution_count": null,
   "metadata": {},
   "outputs": [],
   "source": []
  }
 ],
 "metadata": {
  "kernelspec": {
   "display_name": "Python 3",
   "language": "python",
   "name": "python3"
  },
  "language_info": {
   "codemirror_mode": {
    "name": "ipython",
    "version": 3
   },
   "file_extension": ".py",
   "mimetype": "text/x-python",
   "name": "python",
   "nbconvert_exporter": "python",
   "pygments_lexer": "ipython3",
   "version": "3.7.1"
  }
 },
 "nbformat": 4,
 "nbformat_minor": 2
}
